30001001
30001031
30001032
30001052
30001053
30001071
30001079
30001101
30001111
30001115
30001148
30001165
30001192
30001193
30001195
30001202
30002001
30002004
30002006
30002007
30002008
30002009
30002011
30002019
30002022
30002025
30002028
30002030
30002031
30002032
30002033
30002034
30002036
30002037
30002038
30002047
30002050
30002055
30002056
30002057
30002058
30002059
30002060
30002061
30003032
30003033
30003035
30003036
30003037
30003038
30003039
30003040
30003041
30003042
30003043
30003044
30003045
30003046
30003047
30003048
30003049
30003050
30003056
30003057
30003058
30003059
30003060
30003061
30003062
30003063
30003064
30003088
30003089
30003090
30003091
30003092
30003093
30003094
30003095
30003096
30003097
30003098
30003099
30003101
30003104
30003112
30003114
30003131
30003132
30003133
30003134
30003136
30003138
30003139
30003140
30003141
30003142
30003143
30003144
30003146
30003147
30003154
30003155
30003156
30003245
30003250
30003251
30003252
30003254
30003255
30003256
30003257
30003258
30003259
61000012
61000239
61000247
61000248
61000267
61000287
61000329
61000331
61000350
61000400
61000414
61000425
61000436
61000450
61000452
61000486
61000489
61000499
61000506
61000558
61001130
